2
3
5
7
11
13
17
19
23
29
31
37
41
43
47
53
59
61
67
71
73
79
83
89
97
101
103
107
109
113
127
131
137
139
149
151
157
163
167
173
179
181
191
193
197
199
211
223
227
229
233
239
241
251
257
263
269
271
277
281
283
293
307
311
313
317
331
337
347
349
353
359
367
373
379
383
389
397
401
409
419
421
431
433
439
443
449
457
461
463
467
479
487
491
499
503
509
521
523
541
547
557
563
569
571
577
587
593
599
601
607
613
617
619
631
641
643
647
653
659
661
673
677
683
691
701
709
719
727
733
739
743
751
757
761
769
773
787
797
809
811
821
823
827
829
839
853
857
859
863
877
881
883
887
907
911
919
929
937
941
947
953
967
971
977
983
991
997
1009
1013
1019
1021
1031
1033
1039
1049
1051
1061
1063
1069
1087
1091
1093
1097
1103
1109
1117
1123
1129
1151
1153
1163
1171
1181
1187
1193
1201
1213
1217
1223
1229
1231
1237
1249
1259
1277
1279
1283
1289
1291
1297
1301
1303
1307
1319
1321
1327
1361
1367
1373
1381
1399
1409
1423
1427
1429
1433
1439
1447
1451
1453
1459
1471
1481
1483
1487
1489
1493
1499
1511
1523
1531
1543
1549
1553
1559
1567
1571
1579
1583
1597
1601
1607
1609
1613
1619
1621
1627
1637
1657
1663
1667
1669
1693
1697
1699
1709
1721
1723
1733
1741
1747
1753
1759
1777
1783
1787
1789
1801
1811
1823
1831
1847
1861
1867
1871
1873
1877
1879
1889
1901
1907
1913
1931
1933
1949
1951
1973
1979
1987
1993
1997
1999
2003
2011
2017
2027
2029
2039
2053
2063
2069
2081
2083
2087
2089
2099
2111
2113
2129
2131
2137
2141
2143
2153
2161
2179
2203
2207
2213
2221
2237
2239
2243
2251
2267
2269
2273
2281
2287
2293
2297
2309
2311
2333
2339
2341
2347
2351
2357
2371
2377
2381
2383
2389
2393
2399
2411
2417
2423
2437
2441
2447
2459
2467
2473
2477
2503
2521
2531
2539
2543
2549
2551
2557
2579
2591
2593
2609
2617
2621
2633
2647
2657
2659
2663
2671
2677
2683
2687
2689
2693
2699
2707
2711
2713
2719
2729
2731
2741
2749
2753
2767
2777
2789
2791
2797
2801
2803
2819
2833
2837
2843
2851
2857
2861
2879
2887
2897
2903
2909
2917
2927
2939
2953
2957
2963
2969
2971
2999
3001
3011
3019
3023
3037
3041
3049
3061
3067
3079
3083
3089
3109
3119
3121
3137
3163
3167
3169
3181
3187
3191
3203
3209
3217
3221
3229
3251
3253
3257
3259
3271
3299
3301
3307
3313
3319
3323
3329
3331
3343
3347
3359
3361
3371
3373
3389
3391
3407
3413
3433
3449
3457
3461
3463
3467
3469
3491
3499
3511
3517
3527
3529
3533
3539
3541
3547
3557
3559
3571
3581
3583
3593
3607
3613
3617
3623
3631
3637
3643
3659
3671
3673
3677
3691
3697
3701
3709
3719
3727
3733
3739
3761
3767
3769
3779
3793
3797
3803
3821
3823
3833
3847
3851
3853
3863
3877
3881
3889
3907
3911
3917
3919
3923
3929
3931
3943
3947
3967
3989
4001
4003
4007
4013
4019
4021
4027
4049
4051
4057
4073
4079
4091
4093
4099
4111
4127
4129
4133
4139
4153
4157
4159
4177
4201
4211
4217
4219
4229
4231
4241
4243
4253
4259
4261
4271
4273
4283
4289
4297
4327
4337
4339
4349
4357
4363
4373
4391
4397
4409
4421
4423
4441
4447
4451
4457
4463
4481
4483
4493
4507
4513
4517
4519
4523
4547
4549
4561
4567
4583
4591
4597
4603
4621
4637
4639
4643
4649
4651
4657
4663
4673
4679
4691
4703
4721
4723
4729
4733
4751
4759
4783
4787
4789
4793
4799
4801
4813
4817
4831
4861
4871
4877
4889
4903
4909
4919
4931
4933
4937
4943
4951
4957
4967
4969
4973
4987
4993
4999
5003
5009
5011
5021
5023
5039
5051
5059
5077
5081
5087
5099
5101
5107
5113
5119
5147
5153
5167
5171
5179
5189
5197
5209
5227
5231
5233
5237
5261
5273
5279
5281
5297
5303
5309
5323
5333
5347
5351
5381
5387
5393
5399
5407
5413
5417
5419
5431
5437
5441
5443
5449
5471
5477
5479
5483
5501
5503
5507
5519
5521
5527
5531
5557
5563
5569
5573
5581
5591
5623
5639
5641
5647
5651
5653
5657
5659
5669
5683
5689
5693
5701
5711
5717
5737
5741
5743
5749
5779
5783
5791
5801
5807
5813
5821
5827
5839
5843
5849
5851
5857
5861
5867
5869
5879
5881
5897
5903
5923
5927
5939
5953
5981
5987
6007
6011
6029
6037
6043
6047
6053
6067
6073
6079
6089
6091
6101
6113
6121
6131
6133
6143
6151
6163
6173
6197
6199
6203
6211
6217
6221
6229
6247
6257
6263
6269
6271
6277
6287
6299
6301
6311
6317
6323
6329
6337
6343
6353
6359
6361
6367
6373
6379
6389
6397
6421
6427
6449
6451
6469
6473
6481
6491
6521
6529
6547
6551
6553
6563
6569
6571
6577
6581
6599
6607
6619
6637
6653
6659
6661
6673
6679
6689
6691
6701
6703
6709
6719
6733
6737
6761
6763
6779
6781
6791
6793
6803
6823
6827
6829
6833
6841
6857
6863
6869
6871
6883
6899
6907
6911
6917
6947
6949
6959
6961
6967
6971
6977
6983
6991
6997
7001
7013
7019
7027
7039
7043
7057
7069
7079
7103
7109
7121
7127
7129
7151
7159
7177
7187
7193
7207
7211
7213
7219
7229
7237
7243
7247
7253
7283
7297
7307
7309
7321
7331
7333
7349
7351
7369
7393
7411
7417
7433
7451
7457
7459
7477
7481
7487
7489
7499
7507
7517
7523
7529
7537
7541
7547
7549
7559
7561
7573
7577
7583
7589
7591
7603
7607
7621
7639
7643
7649
7669
7673
7681
7687
7691
7699
7703
7717
7723
7727
7741
7753
7757
7759
7789
7793
7817
7823
7829
7841
7853
7867
7873
7877
7879
7883
7901
7907
7919
7927
7933
7937
7949
7951
7963
7993
8009
8011
8017
8039
8053
8059
8069
8081
8087
8089
8093
8101
8111
8117
8123
8147
8161
8167
8171
8179
8191
8209
8219
8221
8231
8233
8237
8243
8263
8269
8273
8287
8291
8293
8297
8311
8317
8329
8353
8363
8369
8377
8387
8389
8419
8423
8429
8431
8443
8447
8461
8467
8501
8513
8521
8527
8537
8539
8543
8563
8573
8581
8597
8599
8609
8623
8627
8629
8641
8647
8663
8669
8677
8681
8689
8693
8699
8707
8713
8719
8731
8737
8741
8747
8753
8761
8779
8783
8803
8807
8819
8821
8831
8837
8839
8849
8861
8863
8867
8887
8893
8923
8929
8933
8941
8951
8963
8969
8971
8999
9001
9007
9011
9013
9029
9041
9043
9049
9059
9067
9091
9103
9109
9127
9133
9137
9151
9157
9161
9173
9181
9187
9199
9203
9209
9221
9227
9239
9241
9257
9277
9281
9283
9293
9311
9319
9323
9337
9341
9343
9349
9371
9377
9391
9397
9403
9413
9419
9421
9431
9433
9437
9439
9461
9463
9467
9473
9479
9491
9497
9511
9521
9533
9539
9547
9551
9587
9601
9613
9619
9623
9629
9631
9643
9649
9661
9677
9679
9689
9697
9719
9721
9733
9739
9743
9749
9767
9769
9781
9787
9791
9803
9811
9817
9829
9833
9839
9851
9857
9859
9871
9883
9887
9901
9907
9923
9929
9931
9941
9949
9967
9973
10007
10009
10037
10039
10061
10067
10069
10079
10091
10093
10099
10103
10111
10133
10139
10141
10151
10159
10163
10169
10177
10181
10193
10211
10223
10243
10247
10253
10259
10267
10271
10273
10289
10301
10303
10313
10321
10331
10333
10337
10343
10357
10369
10391
10399
10427
10429
10433
10453
10457
10459
10463
10477
10487
10499
10501
10513
10529
10531
10559
10567
10589
10597
10601
10607
10613
10627
10631
10639
10651
10657
10663
10667
10687
10691
10709
10711
10723
10729
10733
10739
10753
10771
10781
10789
10799
10831
10837
10847
10853
10859
10861
10867
10883
10889
10891
10903
10909
10937
10939
10949
10957
10973
10979
10987
10993
11003
11027
11047
11057
11059
11069
11071
11083
11087
11093
11113
11117
11119
11131
11149
11159
11161
11171
11173
11177
11197
11213
11239
11243
11251
11257
11261
11273
11279
11287
11299
11311
11317
11321
11329
11351
11353
11369
11383
11393
11399
11411
11423
11437
11443
11447
11467
11471
11483
11489
11491
11497
11503
11519
11527
11549
11551
11579
11587
11593
11597
11617
11621
11633
11657
11677
11681
11689
11699
11701
11717
11719
11731
11743
11777
11779
11783
11789
11801
11807
11813
11821
11827
11831
11833
11839
11863
11867
11887
11897
11903
11909
11923
11927
11933
11939
11941
11953
11959
11969
11971
11981
11987
12007
12011
12037
12041
12043
12049
12071
12073
12097
12101
12107
12109
12113
12119
12143
12149
12157
12161
12163
12197
12203
12211
12227
12239
12241
12251
12253
12263
12269
12277
12281
12289
12301
12323
12329
12343
12347
12373
12377
12379
12391
12401
12409
12413
12421
12433
12437
12451
12457
12473
12479
12487
12491
12497
12503
12511
12517
12527
12539
12541
12547
12553
12569
12577
12583
12589
12601
12611
12613
12619
12637
12641
12647
12653
12659
12671
12689
12697
12703
12713
12721
12739
12743
12757
12763
12781
12791
12799
12809
12821
12823
12829
12841
12853
12889
12893
12899
12907
12911
12917
12919
12923
12941
12953
12959
12967
12973
12979
12983
13001
13003
13007
13009
13033
13037
13043
13049
13063
13093
13099
13103
13109
13121
13127
13147
13151
13159
13163
13171
13177
13183
13187
13217
13219
13229
13241
13249
13259
13267
13291
13297
13309
13313
13327
13331
13337
13339
13367
13381
13397
13399
13411
13417
13421
13441
13451
13457
13463
13469
13477
13487
13499
13513
13523
13537
13553
13567
13577
13591
13597
13613
13619
13627
13633
13649
13669
13679
13681
13687
13691
13693
13697
13709
13711
13721
13723
13729
13751
13757
13759
13763
13781
13789
13799
13807
13829
13831
13841
13859
13873
13877
13879
13883
13901
13903
13907
13913
13921
13931
13933
13963
13967
13997
13999
14009
14011
14029
14033
14051
14057
14071
14081
14083
14087
14107
14143
14149
14153
14159
14173
14177
14197
14207
14221
14243
14249
14251
14281
14293
14303
14321
14323
14327
14341
14347
14369
14387
14389
14401
14407
14411
14419
14423
14431
14437
14447
14449
14461
14479
14489
14503
14519
14533
14537
14543
14549
14551
14557
14561
14563
14591
14593
14621
14627
14629
14633
14639
14653
14657
14669
14683
14699
14713
14717
14723
14731
14737
14741
14747
14753
14759
14767
14771
14779
14783
14797
14813
14821
14827
14831
14843
14851
14867
14869
14879
14887
14891
14897
14923
14929
14939
14947
14951
14957
14969
14983
15013
15017
15031
15053
15061
15073
15077
15083
15091
15101
15107
15121
15131
15137
15139
15149
15161
15173
15187
15193
15199
15217
15227
15233
15241
15259
15263
15269
15271
15277
15287
15289
15299
15307
15313
15319
15329
15331
15349
15359
15361
15373
15377
15383
15391
15401
15413
15427
15439
15443
15451
15461
15467
15473
15493
15497
15511
15527
15541
15551
15559
15569
15581
15583
15601
15607
15619
15629
15641
15643
15647
15649
15661
15667
15671
15679
15683
15727
15731
15733
15737
15739
15749
15761
15767
15773
15787
15791
15797
15803
15809
15817
15823
15859
15877
15881
15887
15889
15901
15907
15913
15919
15923
15937
15959
15971
15973
15991
16001
16007
16033
16057
16061
16063
16067
16069
16073
16087
16091
16097
16103
16111
16127
16139
16141
16183
16187
16189
16193
16217
16223
16229
16231
16249
16253
16267
16273
16301
16319
16333
16339
16349
16361
16363
16369
16381
16411
16417
16421
16427
16433
16447
16451
16453
16477
16481
16487
16493
16519
16529
16547
16553
16561
16567
16573
16603
16607
16619
16631
16633
16649
16651
16657
16661
16673
16691
16693
16699
16703
16729
16741
16747
16759
16763
16787
16811
16823
16829
16831
16843
16871
16879
16883
16889
16901
16903
16921
16927
16931
16937
16943
16963
16979
16981
16987
16993
17011
17021
17027
17029
17033
17041
17047
17053
17077
17093
17099
17107
17117
17123
17137
17159
17167
17183
17189
17191
17203
17207
17209
17231
17239
17257
17291
17293
17299
17317
17321
17327
17333
17341
17351
17359
17377
17383
17387
17389
17393
17401
17417
17419
17431
17443
17449
17467
17471
17477
17483
17489
17491
17497
17509
17519
17539
17551
17569
17573
17579
17581
17597
17599
17609
17623
17627
17657
17659
17669
17681
17683
17707
17713
17729
17737
17747
17749
17761
17783
17789
17791
17807
17827
17837
17839
17851
17863
17881
17891
17903
17909
17911
17921
17923
17929
17939
17957
17959
17971
17977
17981
17987
17989
18013
18041
18043
18047
18049
18059
18061
18077
18089
18097
18119
18121
18127
18131
18133
18143
18149
18169
18181
18191
18199
18211
18217
18223
18229
18233
18251
18253
18257
18269
18287
18289
18301
18307
18311
18313
18329
18341
18353
18367
18371
18379
18397
18401
18413
18427
18433
18439
18443
18451
18457
18461
18481
18493
18503
18517
18521
18523
18539
18541
18553
18583
18587
18593
18617
18637
18661
18671
18679
18691
18701
18713
18719
18731
18743
18749
18757
18773
18787
18793
18797
18803
18839
18859
18869
18899
18911
18913
18917
18919
18947
18959
18973
18979
19001
19009
19013
19031
19037
19051
19069
19073
19079
19081
19087
19121
19139
19141
19157
19163
19181
19183
19207
19211
19213
19219
19231
19237
19249
19259
19267
19273
19289
19301
19309
19319
19333
19373
19379
19381
19387
19391
19403
19417
19421
19423
19427
19429
19433
19441
19447
19457
19463
19469
19471
19477
19483
19489
19501
19507
19531
19541
19543
19553
19559
19571
19577
19583
19597
19603
19609
19661
19681
19687
19697
19699
19709
19717
19727
19739
19751
19753
19759
19763
19777
19793
19801
19813
19819
19841
19843
19853
19861
19867
19889
19891
19913
19919
19927
19937
19949
19961
19963
19973
19979
19991
19993
19997
20011
20021
20023
20029
20047
20051
20063
20071
20089
20101
20107
20113
20117
20123
20129
20143
20147
20149
20161
20173
20177
20183
20201
20219
20231
20233
20249
20261
20269
20287
20297
20323
20327
20333
20341
20347
20353
20357
20359
20369
20389
20393
20399
20407
20411
20431
20441
20443
20477
20479
20483
20507
20509
20521
20533
20543
20549
20551
20563
20593
20599
20611
20627
20639
20641
20663
20681
20693
20707
20717
20719
20731
20743
20747
20749
20753
20759
20771
20773
20789
20807
20809
20849
20857
20873
20879
20887
20897
20899
20903
20921
20929
20939
20947
20959
20963
20981
20983
21001
21011
21013
21017
21019
21023
21031
21059
21061
21067
21089
21101
21107
21121
21139
21143
21149
21157
21163
21169
21179
21187
21191
21193
21211
21221
21227
21247
21269
21277
21283
21313
21317
21319
21323
21341
21347
21377
21379
21383
21391
21397
21401
21407
21419
21433
21467
21481
21487
21491
21493
21499
21503
21517
21521
21523
21529
21557
21559
21563
21569
21577
21587
21589
21599
21601
21611
21613
21617
21647
21649
21661
21673
21683
21701
21713
21727
21737
21739
21751
21757
21767
21773
21787
21799
21803
21817
21821
21839
21841
21851
21859
21863
21871
21881
21893
21911
21929
21937
21943
21961
21977
21991
21997
22003
22013
22027
22031
22037
22039
22051
22063
22067
22073
22079
22091
22093
22109
22111
22123
22129
22133
22147
22153
22157
22159
22171
22189
22193
22229
22247
22259
22271
22273
22277
22279
22283
22291
22303
22307
22343
22349
22367
22369
22381
22391
22397
22409
22433
22441
22447
22453
22469
22481
22483
22501
22511
22531
22541
22543
22549
22567
22571
22573
22613
22619
22621
22637
22639
22643
22651
22669
22679
22691
22697
22699
22709
22717
22721
22727
22739
22741
22751
22769
22777
22783
22787
22807
22811
22817
22853
22859
22861
22871
22877
22901
22907
22921
22937
22943
22961
22963
22973
22993
23003
23011
23017
23021
23027
23029
23039
23041
23053
23057
23059
23063
23071
23081
23087
23099
23117
23131
23143
23159
23167
23173
23189
23197
23201
23203
23209
23227
23251
23269
23279
23291
23293
23297
23311
23321
23327
23333
23339
23357
23369
23371
23399
23417
23431
23447
23459
23473
23497
23509
23531
23537
23539
23549
23557
23561
23563
23567
23581
23593
23599
23603
23609
23623
23627
23629
23633
23663
23669
23671
23677
23687
23689
23719
23741
23743
23747
23753
23761
23767
23773
23789
23801
23813
23819
23827
23831
23833
23857
23869
23873
23879
23887
23893
23899
23909
23911
23917
23929
23957
23971
23977
23981
23993
24001
24007
24019
24023
24029
24043
24049
24061
24071
24077
24083
24091
24097
24103
24107
24109
24113
24121
24133
24137
24151
24169
24179
24181
24197
24203
24223
24229
24239
24247
24251
24281
24317
24329
24337
24359
24371
24373
24379
24391
24407
24413
24419
24421
24439
24443
24469
24473
24481
24499
24509
24517
24527
24533
24547
24551
24571
24593
24611
24623
50021
24631
50023
50033
24659
24671
24677
24683
24691
24697
24709
24733
24749
24763
24767
24781
24793
50047
24799
50051
24809
50053
50069
50077
24821
75011
50087
24841
75013
50093
24847
24851
75017
50101
24859
75029
24877
50111
75037
25013
50119
75041
50123
24889
25031
25033
25037
24907
50129
null
null
75083
25087
50131
24967
25097
24971
75109
24977
25111
24979
50147
25117
24989
50153
75133
25127
50159
25147
75149
50177
25153
75161
25163
25169
75167
50207
25171
75169
25183
50221
75181
25189
50227
75193
50231
75209
75211
50261
50263
25219
75217
25229
50273
75223
25237
75227
25243
50287
25247
75239
50291
25253
25261
75253
50311
75269
50321
25301
75277
50329
25303
25307
50333
25309
75289
50341
25321
75307
50359
25343
50363
25349
75323
50377
25357
75329
50383
25367
75337
25373
75347
25391
75353
50411
50417
25409
25411
75367
50423
25423
75377
25439
50441
25447
75391
25453
50459
75401
25457
50461
75403
25463
25469
75407
25471
50497
75431
50503
50513
75437
25523
50527
25537
25541
50539
50543
25561
75479
50549
50551
25579
75503
25583
25589
75511
50581
75521
25601
50587
25603
75527
50591
25609
50593
75533
25621
75539
25633
75541
50599
25639
75553
25643
75557
25657
50627
75571
25667
75577
25673
25679
75583
50647
25693
50651
25703
75611
50671
75617
75619
25733
50683
25741
75629
25747
75641
25759
50707
25763
75653
25771
50723
75659
25793
50741
75679
25799
75683
25801
50753
75689
50767
25819
75703
50773
75707
25841
50777
75709
25847
25849
50789
75721
25867
75731
25873
75743
25889
25903
75767
25913
25919
75773
25931
75781
25933
75787
25939
25943
75793
25951
75797
25969
25981
75821
25997
25999
75833
26003
26017
26021
26029
75853
50821
26041
50833
26053
75869
50839
50849
75883
26083
50857
75913
50867
26099
50873
26107
75931
26111
26113
50891
75937
26119
50893
75941
26141
50909
26153
50923
75967
26161
50929
75979
26171
26177
75983
50951
26183
75989
26189
50957
75991
75997
50969
50971
76001
76003
26203
50989
26209
50993
76031
51001
26227
26237
76039
26249
26251
51031
26261
26263
51043
26267
51047
76081
51059
76091
26293
51061
26297
76099
26309
76103
26317
26321
76123
51109
26339
26347
76129
26357
51131
76147
51133
26371
51137
76157
51151
76159
51157
76163
51169
51193
51197
51199
76213
51203
76231
51217
76243
51229
76249
51239
76253
51241
76259
76261
51257
76283
51263
76289
76303
51283
51287
51307
76333
76343
51329
51341
51343
76367
51347
76369
51349
76379
51361
76387
51383
76403
51407
76421
51413
76423
51419
51421
76441
51427
51431
51437
76463
51439
76471
51449
76481
51461
76487
51473
76493
51479
51481
51487
76507
76511
51503
76519
51511
51517
51521
76537
76541
51539
51551
76561
51563
76579
51577
51581
76597
51593
76603
51599
76607
51607
51613
76631
51631
51637
76649
76651
51647
51659
76667
26387
51673
26393
26399
51679
76679
26407
51683
26417
51691
26423
76697
26431
26437
51713
76717
51719
26449
51721
26459
76733
51749
26479
76753
76757
51767
51769
76771
26497
76777
26501
51787
76781
26513
51797
51803
76801
26539
51817
76819
26557
26561
51827
76829
51829
76831
26573
51839
76837
26591
26597
76847
51853
51859
26627
51869
76871
26633
51871
76873
51893
76883
51899
51907
76907
51913
76913
76919
51929
51941
76943
51949
76949
76961
51971
76963
51973
51977
76991
51991
77003
52009
77017
52021
77023
52027
77029
77041
52051
77047
52057
52067
52069
52081
77069
77081
52103
77093
52121
77101
52127
52147
52153
52163
77137
77141
52181
52183
77153
52189
77167
52201
77171
52223
52237
52249
52253
52259
77191
52267
77201
77213
52289
52291
77237
52301
77239
52313
77243
77249
52321
77261
77263
52361
77267
52363
77269
52369
77279
52379
52387
77291
52391
77317
26641
77323
52433
26647
77339
26669
52453
77347
26681
52457
77351
26687
26693
26699
26701
77369
52489
26711
77377
26713
52501
26717
52511
26723
77383
52517
26729
26731
26737
52529
77417
26759
77419
26777
26783
77431
52541
52543
26801
52553
26813
52561
26821
52567
77471
52571
26833
77477
26839
77479
52583
26849
77489
77491
52609
77509
52627
52631
52639
77521
77527
52667
77543
52673
77549
52691
52697
77557
77563
77569
52709
52711
77573
52721
77587
52727
52733
52747
77591
52757
52769
77611
52783
77617
77621
52807
52813
77641
52817
77647
52837
77659
52859
52861
77681
52879
77687
52883
77689
52889
77699
52901
77711
52903
77713
77719
52919
77723
52937
77731
77743
52951
77747
52957
52963
77761
52967
52973
52981
77783
77797
77801
52999
53003
77813
53017
53047
77839
53051
77849
53069
77863
53077
77867
53087
53089
53093
77893
53101
77899
53113
53117
77929
53129
77933
53147
77951
53149
53161
77969
53171
53173
77977
77983
53189
53197
53201
77999
78007
53231
78017
53233
53239
78031
78041
53267
78049
53269
78059
53279
53281
78079
53299
78101
53309
53323
78121
78137
78139
78157
78163
78167
78173
78179
78191
78193
78203
78229
78233
78241
78259
78277
78283
78301
78307
78311
78317
78341
53327
53353
53359
53377
53381
53401
53407
53411
53419
53437
53441
53453
53479
53503
53507
53527
53549
53551
53569
53591
53593
53597
53609
53611
53617
53623
53629
53633
53639
53653
53657
78347
53681
53693
53699
53717
53719
78401
53731
78427
53759
78437
78439
53773
53777
53783
78467
53791
78479
53813
78487
53819
78497
53831
26861
78509
26863
78511
78517
26879
26881
53849
26891
26893
78539
53857
26903
78541
53861
26921
78553
53881
26927
53887
78569
26947
53891
78571
53897
26953
53899
78577
26959
78583
53917
26981
53923
78593
26987
53927
26993
78607
53939
27011
27017
78623
27031
53959
78643
27043
78649
27059
53987
78653
27061
53993
27067
54001
27073
27077
54011
78691
54013
27091
78697
27103
27107
78707
54037
27109
78713
54049
27127
78721
54059
27143
78737
54083
54091
27179
54101
27191
78779
27197
54121
78781
78787
27211
54133
78791
54139
78797
78803
54151
27239
27241
78809
27253
27259
78823
54163
54167
27271
78839
54181
78853
54193
78857
27277
27281
78877
54217
78887
27299
78889
78893
54251
27329
78901
27337
54269
78919
54277
78929
27361
54287
27367
78941
54293
54311
27397
54319
27407
54323
27409
78977
54331
78979
27427
27431
78989
54347
27437
54361
27449
54367
27457
54371
79031
54377
79039
27479
27481
79043
54401
54403
79063
54409
27509
54413
54419
27527
79087
27529
54421
27539
54437
27541
54443
27551
79111
54449
27581
54469
79133
27583
79139
79147
54497
27617
79151
54499
79153
27631
54503
79159
54517
79181
54521
79187
79193
27673
54539
79201
27689
54541
27691
54547
27697
27701
54559
79229
54563
79231
27733
79241
27737
54577
27739
54581
27743
79259
54583
27749
27751
79273
27763
54601
79279
27767
27773
79283
54617
27779
54623
27791
79301
27793
54631
27799
79309
27803
79319
27809
54647
27817
79333
27823
54667
79337
27827
54673
54679
79349
27847
27851
79357
79367
54709
27883
54713
79379
27893
27901
79393
79397
27917
79399
27919
54751
27941
79411
27943
54767
27947
79423
54773
27953
79427
54779
27961
79433
27967
54787
79451
54799
27983
27997
28001
54829
79481
54833
28019
28027
79493
28031
54851
28051
54869
28057
54877
79531
28069
54881
79537
79549
28081
54907
28087
79559
28097
54917
28099
54919
28109
28111
79579
54941
28123
79589
54949
79601
28151
54959
79609
28163
79613
54973
28181
54979
28183
79621
54983
79627
28201
79631
55001
79633
55009
28219
55021
28229
79657
79669
55049
55051
79687
28277
28279
55057
79691
28283
55061
79693
28289
79697
55073
28297
79699
28307
28309
28319
55103
55109
55117
28349
79757
28351
55127
79769
79777
55147
28387
28393
55163
28403
79801
28409
55171
28411
79811
79813
28429
79817
28433
55201
28439
79823
55207
28447
79829
55213
55217
28463
55219
79841
79843
28477
79847
55243
28493
28499
55249
28513
55259
79861
28517
79867
28537
79873
28541
55291
28547
79889
28549
55313
79901
79903
28571
55331
79907
55333
28579
28591
28597
28603
79939
28607
55337
79943
28619
55339
28621
55343
28627
79967
28631
28643
79973
28649
55373
28657
55381
79987
28663
28669
55399
79997
79999
28687
55411
28697
80021
28703
55439
28723
80039
55441
28729
80051
55457
28751
55469
80071
28759
80077
55487
28771
55501
28789
55511
80107
80111
55529
55541
55547
28793
80141
28807
80147
28813
80149
55579
28817
80153
55589
28837
80167
55603
28843
80173
55609
28859
80177
55619
28867
55621
28871
55631
28879
80191
55639
28901
80207
28909
55661
80209
28921
55663
28927
55667
28933
80231
55673
28949
80233
55681
28961
80239
55691
28979
80251
55697
80263
55711
29009
80273
29017
55721
80279
29021
29023
80287
29027
29033
80309
29059
80317
29063
55763
29077
80329
55787
80341
55793
29101
80347
55799
29123
55807
29129
80363
55813
29131
80369
29137
55817
55819
29147
55823
80387
29153
55829
29167
55837
80407
29173
55843
29179
55849
29191
80429
55871
29201
29207
29209
80447
55889
80449
55897
29221
55901
29231
55903
80471
29243
80473
29251
55921
80489
55927
29269
80491
55931
55933
29287
29297
80513
55949
80527
80537
29327
55987
29333
29339
80557
29347
56003
80567
56009
29363
29383
29387
80599
56039
29389
80603
56041
29399
29401
80611
56053
29411
80621
29423
29429
80627
29437
80629
56087
29443
56093
29453
80651
56099
56101
80657
29473
56113
29483
80669
56123
80671
29501
56131
80677
80681
56149
29527
80683
29531
80687
29537
56167
80701
56171
29567
56179
29569
29573
29581
56197
80737
29587
56207
56209
29599
80747
80749
29611
80761
29629
29633
80777
56249
29641
80779
80783
56263
29663
56267
29669
56269
29671
80803
29683
80809
56299
80819
29717
56311
29723
80831
56333
29741
80833
29753
56359
29759
80849
29761
56369
80863
56377
29789
56383
29803
56393
80897
29819
56401
29833
56417
29837
80911
80917
56431
29851
56437
80923
29863
56443
29867
80929
29873
80933
56453
29879
29881
56467
80953
56473
80963
56477
29917
29921
56479
29927
80989
56489
56501
81001
29947
56503
56509
29959
81017
56519
81019
29983
81023
29989
81031
81041
30011
30013
81047
30029
81049
30047
81071
30059
81077
30071
81083
30089
30091
81097
30097
30103
81101
30109
30113
81119
30119
81131
30133
30137
30139
81157
30161
81163
30169
81173
30181
30187
81181
30197
30203
81197
30211
81199
81203
81223
81233
81239
81281
81283
81293
81299
30223
81307
30241
30253
81331
30259
30269
81343
30271
81349
30293
81353
81359
30307
30313
81371
30319
81373
30323
30341
81401
30347
81409
30367
81421
30389
81439
30391
30403
81457
81463
30427
30431
30449
81509
30467
30469
81517
81527
30491
30493
81533
30497
30509
81547
81551
81553
30529
81559
30539
81563
81569
30553
30557
30559
30577
81611
81619
30593
81629
81637
81647
30631
56527
30637
56531
30643
81667
56533
30649
81671
30661
81677
30671
81689
30677
56569
30689
30697
30703
81701
30707
81703
30713
81707
30727
56591
56597
81727
56599
30757
81737
30763
56611
81749
30773
56629
81761
56633
81769
30803
81773
30809
56659
30817
56663
30829
56671
81799
30839
30841
56687
81817
30851
30853
56701
30859
81839
56711
30869
56713
30871
81847
30881
81853
56731
30893
56737
81869
30911
56747
81883
30931
30937
81899
56767
30941
81901
56773
30949
56779
81919
56783
30971
81929
30977
81931
30983
81937
56809
81943
56813
81953
31013
56821
31019
81967
56827
31033
81971
81973
31039
56843
31051
56857
31063
82003
31069
82007
31079
82009
31081
82013
56891
31091
56893
82021
56897
82031
31121
56909
31123
82037
56911
82039
56921
82051
56923
56929
82067
82073
31139
56941
31147
56951
31151
56957
31159
56963
82129
31177
31181
56983
82139
31183
82141
56989
31189
31193
82153
56999
82163
31219
31223
31231
57037
82183
57041
82189
82193
82207
57059
82217
31237
57073
82219
57077
82223
31247
57089
31249
82231
31253
57097
82237
31259
82241
57107
31267
31271
57119
31277
82261
57131
82267
57139
31307
82279
57143
57149
31319
82301
31321
82307
57163
31327
31333
57173
31337
57179
31357
57191
82339
57193
82349
57203
31379
82351
31387
82361
57221
31391
57223
31393
82373
31397
82387
57241
82393
57251
57259
82421
57269
57271
31469
31477
57283
82457
57287
82463
57301
31481
82471
31489
82483
57329
31511
82487
57331
31513
31517
57347
82499
31531
57349
82507
31541
31543
57367
31547
82529
57373
82531
31567
31573
57383
82549
31583
57389
82559
57397
31601
82561
31607
82567
57413
82571
31627
57427
31643
82591
31649
57457
82601
31657
57467
31663
82609
31667
82613
82619
57487
31687
57493
31699
82633
57503
31721
82651
31723
82657
31727
57529
31729
31741
31751
82699
57557
57559
31769
31771
57571
82721
82723
57587
31793
82727
57593
31799
82729
57601
31817
82757
82759
57637
82763
31847
82781
31849
57649
82787
31859
57653
82793
31873
82799
31883
82811
31891
31907
82837
82847
31957
31963
82883
31973
82889
82891
31981
31991
82903
32003
82913
32009
32027
32029
82939
32051
32057
82963
32059
32063
32069
82981
32077
32083
82997
32089
83003
32099
83009
83023
32117
32119
83047
32141
32143
83059
32159
32173
32183
83063
32189
83071
32191
83077
32203
32213
83089
83093
32233
83101
32237
32251
83117
32257
32261
83137
32297
32299
32303
83177
32309
32321
32323
32327
83203
83207
32341
83219
32353
83221
32359
83227
32363
83231
32369
32371
83233
32377
83243
32381
83257
32401
32411
83267
32413
83269
57667
83273
32429
57679
83299
32441
57689
32443
57697
83311
57709
32467
57713
32479
57719
83339
32491
83341
57731
32503
32507
83357
32531
32533
32537
83383
83389
57751
32561
32563
83399
32569
83401
57773
32573
83407
57781
32579
57787
32587
83417
57791
57793
83423
32609
57803
83431
32611
57809
83437
32621
83443
57829
32633
83449
57839
32647
83459
57847
32653
57853
83471
57859
83477
32687
57881
83497
32693
57899
32707
57901
32713
32717
57917
83537
32719
57923
83557
57943
83561
57947
83563
32771
83579
32779
57977
32783
83591
32789
57991
83597
32797
32801
83609
32803
83617
83621
32831
58013
32833
58027
32839
83639
58031
32843
83641
58043
83653
58049
32869
58057
83663
58061
32887
58067
58073
83689
32909
32911
83701
32917
58099
83717
58109
83719
58111
32941
58129
83737
32957
32969
58147
32971
58151
32983
58153
32987
83773
32993
58169
83777
58171
33013
83791
58189
58193
33023
58199
33029
83813
58207
33037
58211
33049
58217
83833
33053
58229
83843
33071
58231
33073
58237
83857
33083
58243
33091
83869
83873
58271
33107
33113
83891
33119
83903
83911
33151
58313
83921
58321
83933
58337
33179
83939
33181
58363
58367
33191
83969
58369
33199
33203
58379
83983
33211
83987
58393
33223
58403
84011
58411
84017
33247
58427
58439
84047
33287
58441
84053
33289
84059
33301
58451
84061
33311
84067
33317
33329
58477
84089
58481
33343
33347
33349
58511
33353
84121
33359
84127
33377
58537
84131
58543
84137
33391
58549
84143
33403
33409
84163
33413
58573
84179
58579
84181
58601
84191
33457
58603
33461
84199
58613
33469
84211
33479
58631
33487
84221
84223
84229
58657
58661
84239
33521
84247
33529
58679
33533
58687
33547
84263
58693
33563
58699
33569
58711
84299
33577
58727
84307
33581
58733
33587
84313
33589
58741
84317
33599
84319
58757
33601
58763
33613
84347
58771
33617
33619
33623
58787
58789
33629
33637
84377
84389
84391
58831
84401
84407
84421
84431
58889
84437
58897
84443
58901
84449
58907
33641
58909
84457
58913
33647
84463
58921
84467
58937
84481
58943
84499
58963
84503
58967
84509
58979
84521
58991
84523
58997
59009
84533
59011
33679
59021
84551
59023
84559
33703
59029
33713
33721
59051
84589
59053
33739
59063
33749
33751
59069
33757
59077
84629
33767
59083
84631
33773
59093
84649
33791
59107
84653
33797
59113
84659
33809
59119
59123
84673
59141
84691
33811
84697
84701
33827
59149
33829
84713
59159
84719
33851
59167
33857
84731
59183
33863
84737
33871
59197
84751
59209
84761
59219
59221
33911
59233
33923
84787
59239
33931
84793
59243
33937
33941
84809
59263
84811
59273
33967
59281
84827
33997
84857
34019
84859
34031
59333
34033
84869
59341
34039
84871
59351
59357
34057
34061
59369
59377
59387
59393
59399
34123
84947
34127
34129
84961
59407
34141
84967
34147
84977
59419
34157
84979
34159
84991
59441
34171
59443
34183
85009
59453
85021
34211
85027
34213
59467
34217
85037
59471
59473
85049
34231
59497
85061
34253
59509
34259
59513
34261
85081
34267
85087
34273
59539
85091
85093
34283
59557
85103
59561
34297
59567
34301
85109
34303
59581
85121
34313
34319
59611
85133
34327
59617
59621
34337
85147
59627
59629
34351
85159
59651
34361
59659
34367
59663
34369
85193
59671
34381
85199
85201
59699
34403
85213
59707
34421
59723
59729
85229
34429
59743
85237
34439
59747
85243
59753
85247
34457
59771
34469
59779
85259
34471
59791
34483
59797
34487
59809
34499
85297
34501
59833
34511
85303
34513
59863
34519
85313
59879
34537
85331
59887
34543
85333
34549
59921
85361
59929
85363
85369
59951
34583
59957
85381
34589
34591
59971
59981
34603
34607
85411
59999
60013
85427
60017
85429
60029
34649
85439
34651
60037
85447
60041
34667
85451
34673
60077
34679
60083
60089
34687
60091
34693
60101
60103
34703
60107
60127
34721
60133
34729
60139
34739
60149
34747
60161
60167
34757
60169
34759
34763
60209
34781
60217
60223
34807
60251
34819
60257
60259
60271
34843
60289
34847
60293
34849
60317
34871
34877
60331
60337
34883
60343
60353
34897
60373
34913
60383
34919
60397
34939
60413
34949
60427
34961
60443
34963
60449
60457
34981
85453
35023
60493
35027
60497
85469
60509
35051
85487
35053
35059
60521
35069
60527
85513
35081
60539
35083
35089
85523
35099
85531
35107
35111
60589
85549
35117
35129
85571
35141
85577
35149
60601
35153
85597
60607
35159
85601
60611
35171
85607
60617
60623
85619
85621
60631
35201
85627
60637
60647
85639
35221
60649
85643
35227
60659
85661
60661
35251
85667
35257
85669
60679
60689
35267
85691
35279
60703
85703
35291
60719
85717
60727
35311
60733
35317
85733
60737
35323
35327
85751
60757
35339
60761
60763
35353
60773
35363
85781
60779
35381
60793
35393
35401
60811
85793
35407
60821
85817
35419
85819
35423
60859
85829
35437
60869
35447
85837
35449
60887
85843
60889
35461
85847
60899
60901
85853
35491
60913
60917
35507
60919
35509
85889
60923
35521
85903
60937
60943
85909
60953
60961
85931
85933
61001
61007
61027
85991
61031
85999
61043
86011
61051
86017
61057
86027
86029
61091
61099
86069
86077
61121
61129
86083
61141
86111
61151
86113
61153
86117
61169
86131
86137
86143
61211
86161
61223
61231
86171
86179
61253
86183
61261
35527
86197
35531
86201
35533
35537
86209
61283
35543
61291
61297
35569
35573
86239
35591
61331
86243
35593
61333
35597
86249
61339
35603
86257
61343
86263
35617
61357
86269
61363
86287
61379
61381
86291
35671
86293
35677
61403
86297
61409
61417
86323
35731
61441
35747
86341
35753
61463
86351
61469
35771
86357
61483
35797
61487
86369
35801
61493
86371
35803
35809
61507
86381
61511
86389
35831
35837
86399
61519
35839
86413
35851
61543
35863
61547
86423
35869
61553
35879
61559
86441
61561
35897
35899
86453
61583
86461
35923
86467
61603
86477
61609
61613
35951
86491
61627
35963
61631
35969
86501
61637
35977
86509
35983
61643
35993
61651
35999
86531
36007
86533
61657
86539
61667
36011
86561
61673
36013
36017
61681
86573
61687
86579
36037
86587
61703
36061
86599
36067
61717
36073
61723
36083
61729
86627
86629
36097
61751
36107
36109
61757
36131
86677
36137
61781
86689
36151
86693
36161
61813
36187
86711
61819
36191
86719
36209
86729
36217
61843
36229
86743
36241
61861
86753
36251
61871
36263
86767
61879
36269
86771
36277
86783
36293
61909
36299
36307
36313
86813
61927
36319
61933
36341
86837
36343
61949
86843
36353
86851
61961
36373
86857
61967
36383
86861
36389
61979
86869
61981
61987
61991
62003
36433
62011
86923
36451
62017
86927
36457
86929
36467
62039
36469
86939
36473
62047
36479
62053
86951
36493
86959
36497
86969
62071
36523
62081
86981
36527
36529
86993
62099
36551
87011
36559
87013
62119
36563
62129
36571
62131
87037
36583
62137
87041
36587
62141
87049
36599
62143
36607
87071
62171
36637
87083
36643
62189
36653
62191
87103
62201
36677
62207
36683
62213
36691
87119
36697
62219
87121
36709
62233
36713
87133
36721
36739
87149
62273
36749
87151
36761
36767
62297
87179
36779
62299
36781
87181
62303
36787
87187
62311
36791
36793
62323
87211
62327
36809
36821
87221
62347
36833
87223
62351
36847
36857
87251
62383
87253
36871
87257
36877
62401
36887
87277
62417
36899
87281
36901
62423
36913
87293
36919
87299
36923
36929
62459
87317
36943
62467
36947
87323
62473
62477
36973
36979
87359
62497
36997
62501
37003
62507
87383
37013
37019
37021
62533
87403
62539
37039
87407
37049
62549
87421
37057
37061
87427
62563
87433
62581
87443
37097
62591
62597
37117
87473
62603
37123
87481
62617
87491
37139
62627
87509
62633
37159
87511
62639
37171
87517
37181
62653
37189
62659
37199
87539
37201
87541
87547
37217
62683
37223
62687
62701
37243
37253
62723
37273
37277
62743
62753
37307
37309
87553
37313
87557
37321
62773
87559
37337
62791
37339
87583
62801
87587
87589
37357
37361
37363
62819
37369
87613
62827
37379
87623
87629
37397
62851
87631
37409
87641
87643
37423
62869
87649
62873
37441
37447
87671
37463
87679
62897
87683
62903
37483
87691
37489
62921
87697
62927
37501
87701
62929
37507
37511
62939
37517
87719
87721
37529
62969
37537
62971
87739
37547
37549
62981
62983
37561
62987
37567
62989
87767
37573
37579
87793
37589
63029
87797
37591
63031
87803
37607
87811
37619
63059
63067
37633
87833
63073
37643
63079
37649
37657
87853
63097
37663
63103
87869
37691
87877
63113
37693
87881
37699
63127
87887
63131
37717
87911
63149
87917
37747
87931
87943
63179
37781
37783
63197
37799
63199
87961
37811
87973
37813
87977
37831
87991
63241
37847
88001
63247
37853
88003
88007
37861
37871
63277
88019
37879
63281
37889
88037
63299
37907
63311
63313
88069
63317
88079
63331
37951
88093
37957
37963
63347
37967
88117
63353
88129
63361
37987
63367
37991
37993
63377
37997
88169
38011
63389
88177
63391
63397
63409
38047
88259
38053
88261
63419
38069
63421
38083
63439
88289
38113
63443
38119
88301
63463
38149
63467
38153
63473
38167
88321
63487
38177
88327
38183
63493
38189
88337
63499
88339
38197
38201
63521
38219
63527
88379
38231
63533
38237
38239
63541
88397
63559
38261
88411
88423
63577
88427
63587
63589
38287
63599
38299
63601
88463
63607
88469
63611
88471
38303
63617
38317
63629
88493
38321
88499
38327
63647
38329
63649
38333
88513
63659
88523
38351
63667
63671
38371
88547
38377
63689
63691
38393
63697
88589
63703
88591
63709
63719
38431
88607
63727
88609
38447
38449
63737
38453
63743
88643
63761
88651
38459
63773
88657
88661
63781
88663
88667
63793
38501
88681
63799
63803
63809
38543
63823
88721
38557
88729
63839
38561
63841
38567
88741
38569
63853
88747
63857
63863
38593
88771
38603
88789
38609
38611
88793
88799
63901
88801
38639
88807
63913
38651
88811
38653
88813
63929
88817
38671
88819
63949
38693
88843
38699
63977
88853
38707
88861
38711
38713
88867
63997
38723
64007
88873
38729
64013
38737
88883
64019
38747
38749
88897
64033
88903
64037
88919
38783
64063
38791
88937
64067
38803
64081
88951
38821
64091
38833
88969
64109
38839
38851
64123
38861
88993
38867
64151
88997
38873
64153
89003
64157
38891
89009
64171
89017
89021
64187
38917
64189
38921
38923
89041
38933
89051
64217
38953
89057
64223
38959
64231
89069
38971
89071
64237
38977
89083
38993
89087
64271
39019
64279
89101
64283
89107
39041
39043
89113
64301
39047
89119
64303
89123
64319
39079
89137
39089
64327
39097
64333
39103
89153
39107
39113
39119
64373
39133
89189
64381
39139
39157
89203
39161
64403
39163
89213
39181
64433
89227
39191
64439
89231
39199
89237
64451
39209
64453
39217
89261
39227
64483
39229
89269
39233
64489
89273
39239
64499
39241
39251
89293
89303
89317
39293
39301
89329
39313
64567
39317
39323
64577
64579
39341
39343
89363
89371
39359
39367
89381
39371
89387
39373
39383
89393
89399
39397
89413
39409
89417
39419
89431
89443
89449
89459
89477
89491
89501
89513
89519
89521
89527
89533
89561
89563
89567
89591
89597
89599
89603
89611
89627
89633
89653
89657
89659
89669
89671
39439
89681
39443
89689
39451
64601
39461
39499
39503
39509
89753
89759
39511
89767
39521
89779
39541
89783
39551
89797
39563
39569
39581
39607
39619
39623
39631
39659
39667
39671
39679
39703
39709
39719
89809
39727
89819
39733
89821
39749
89833
39761
89839
39769
89849
39779
39791
89867
39799
89891
39821
39827
39829
89897
89899
39839
39841
89909
39847
89917
39857
39863
89923
39869
39877
89939
39883
39887
89959
39901
89963
89977
39929
89983
39937
89989
64609
64613
39953
90001
64621
90007
39971
64627
90011
64633
39979
90017
39983
90019
39989
64661
90023
64663
40009
64667
90031
64679
40031
64693
40037
90053
40039
64709
90059
64717
40063
90067
90071
90073
40087
64747
40093
90089
64763
40099
90107
40111
64781
40123
64783
40127
90121
40129
64793
90127
64811
40151
64817
40153
90149
40163
40169
90163
40177
90173
40189
40193
90187
90191
40213
90197
90199
40231
90203
40237
40241
90217
40253
90227
90239
40277
90247
40283
40289
90263
90271
90281
40343
90289
40351
40357
90313
40361
64849
64853
40387
90353
64871
90359
64877
40423
64879
40427
90371
40429
64891
90373
40433
64901
90379
40459
64919
90397
40471
64921
90401
64927
40483
90403
64937
40487
90407
40493
40499
64951
90437
64969
90439
40519
40529
40531
64997
65003
40543
90469
65011
90473
40559
65027
90481
65029
40577
65033
40583
90499
40591
65053
90511
40597
65063
90523
40609
65071
90527
90529
40627
65089
90533
40637
65099
65101
40639
90547
65111
65119
65123
90583
65129
40693
40697
65141
40699
90599
65147
40709
90617
65167
90619
65171
65173
40739
90631
65179
65183
40751
90641
40759
65203
90647
40763
40771
65213
90659
40787
65239
90677
90679
40813
65257
40819
65267
40823
90697
65269
40829
90703
65287
40841
90709
65293
40847
40849
65309
40853
90731
40867
65323
65327
90749
40883
40897
65353
40903
65357
90787
90793
40927
65381
40933
90803
40939
65393
40949
90821
65407
40961
90823
65413
65419
40973
90833
65423
65437
90841
65447
90847
41011
41017
90863
41023
65479
90887
65497
41047
41051
90901
65519
41057
90907
65521
90911
65537
65539
90917
65543
90931
65551
65557
90947
65563
41077
65579
90971
41081
65581
90977
65587
90989
65599
41113
41117
90997
65609
65617
41131
91009
41141
65629
41143
65633
41149
91033
41161
65651
41177
65657
41179
41183
65677
41189
91079
65687
41201
41203
65699
65701
91097
65707
41221
91099
65713
41227
65717
41231
65719
41233
91121
65729
41243
65731
91127
41257
91129
41263
65761
41269
65777
91141
41281
91151
65789
91153
41299
65809
91159
91163
65827
65831
91183
41333
65839
41341
41351
91193
41357
91199
65843
41381
65851
41387
41389
65867
41399
65881
91237
41413
91243
65899
91249
41443
91253
65921
65927
41453
65929
41467
91283
65951
41479
91291
65957
41491
91297
65963
91303
65981
41513
91309
65983
41519
65993
41521
91331
41539
41543
66029
41549
66037
66041
66047
91367
41579
91369
41593
91373
66067
41597
66071
91381
66083
41609
91387
66089
41611
91393
41617
66103
41621
66107
91397
66109
41627
91411
41641
66137
41647
91423
41651
91433
41659
66161
41669
66169
91453
66173
41681
91457
66179
41687
91459
66191
91463
41719
91493
41729
91499
41737
66221
91513
41759
41761
91529
66239
41771
41777
91541
41801
41809
91571
41813
66293
91573
91577
66301
91583
41843
41849
91591
41851
66337
66343
41863
66347
91621
41879
66359
66361
41887
66373
41893
66377
41897
66383
41903
41911
91673
41927
66413
41941
91691
41947
66431
41953
91703
41957
66449
41959
66457
91711
41969
66463
41981
66467
91733
66491
66499
41999
91753
66509
91757
42013
42017
66523
42019
66529
91771
42023
66533
91781
66541
42043
66553
91801
66569
42061
66571
91807
42071
42073
66587
91811
42083
66593
66601
91813
42101
66617
66629
42131
91837
66643
42139
66653
42157
91867
66683
42169
91873
66697
42179
66701
42181
42187
66713
91909
42193
66721
42197
91921
66733
42209
66739
42221
66749
91939
42223
66751
42227
91943
66763
91951
42239
91957
42257
91961
66791
91967
66797
42281
91969
66809
42283
42293
66821
42299
66841
42307
92003
66851
66853
92009
66863
42331
66877
42337
92033
66883
42349
92041
66889
42359
92051
42373
42379
66919
92077
42391
66923
92083
66931
42403
66943
42407
66947
92107
42409
66949
92111
66959
42433
92119
42437
66973
42443
66977
42451
92143
42457
42461
92153
42463
42467
42473
67021
92173
67033
42487
92177
42491
92179
67049
42499
92189
67057
42509
67061
92203
42533
67073
92219
67079
92221
42557
92227
42569
67103
42571
92233
67121
42577
92237
67129
92243
42589
67139
67141
92251
67153
67157
92269
42641
67169
42643
92297
42649
67181
67187
92311
42667
67189
92317
42677
67211
67213
42683
92333
67217
67219
42697
92347
67231
42701
92353
42703
92357
67247
42709
92363
42719
67261
92369
67271
42737
92377
42743
92381
67289
42751
92383
92387
67307
42767
92399
42773
92401
67339
67343
42787
92413
67349
42793
92419
42797
92431
67369
42821
92459
42829
67391
92461
42839
67399
42841
92467
67409
42853
92479
42859
67421
92489
67427
67429
92503
92507
42899
42901
67453
42923
67477
92551
42929
67481
92557
42937
67489
67493
42943
92567
67499
42953
92569
67511
42961
42967
92581
67523
42979
92593
67531
67537
42989
67547
43003
92623
67559
92627
43013
67567
43019
67577
92639
67579
92641
43037
67589
92647
43049
43051
92657
67601
67607
92669
43067
92671
67619
92681
43093
92683
43103
92693
67651
43117
92699
43133
92707
67679
43151
67699
92723
43159
67709
92737
67723
43189
92753
67733
43201
43207
92761
92767
67751
43223
92779
67757
67759
92789
67763
92791
43261
67777
92801
43271
67783
67789
92809
43283
67801
92821
67807
92831
43313
67819
43319
67829
43321
92849
43331
67843
92857
67853
92861
67867
92863
92867
67883
43391
67891
43397
67901
43399
92893
43403
92899
43411
67927
67931
92921
67933
43427
92927
43441
67943
43451
92941
67957
43457
67961
92951
67967
43481
92957
67979
43487
92959
67987
43499
67993
92987
43517
92993
68023
43541
93001
43543
68041
68053
68059
43573
43577
68071
43579
93047
43591
93053
43597
93059
68099
43607
43609
68113
93077
93083
43627
93089
43633
93097
68147
43649
93103
43651
68171
93113
43661
43669
93131
93133
68207
43691
93139
68209
68213
93151
68219
43711
43717
68227
93169
68239
93179
68261
93187
93199
68279
43753
68281
43759
43777
93229
43781
93239
68329
43787
93241
43789
43793
68351
93253
43801
93257
68371
93263
68389
68399
43853
93283
43867
93287
68437
68443
43889
68447
93307
68449
93319
43913
93323
68473
68477
93329
68483
43933
93337
68489
43943
68491
43951
68501
68507
43961
43963
93371
68521
43969
93377
68531
43973
93383
68539
43987
43991
68543
43997
93407
68567
44017
44021
68581
93427
44029
68597
44041
44053
68611
44059
93463
68633
44071
68639
93479
44087
93481
68659
44089
93487
68669
44101
93491
44111
68683
93493
68687
93497
44123
68699
93503
44129
44131
68711
93523
68713
93529
44159
68729
68737
68743
93553
44179
93557
44189
93559
44201
93563
44203
44207
68767
93581
44221
68771
68777
93601
44249
68791
93607
44257
44263
44267
68813
44269
68819
44273
68821
44279
93637
44281
44293
68863
68879
68881
68891
93683
68897
44351
68899
44357
68903
93703
68909
44371
68917
93719
44381
68927
44383
93739
44389
68947
93761
68963
44417
93763
68993
44449
93787
69001
44453
69011
93809
69019
93811
44483
69029
44491
69031
93827
44497
44501
44507
69061
93851
69067
44519
69073
93871
44531
44533
44537
69109
44543
93887
69119
44549
93889
69127
44563
93893
93901
44579
69143
69149
44587
69151
93913
69163
93923
44617
44621
44623
93937
69191
93941
69197
44641
93949
69203
44647
44651
93967
69221
44657
93971
69233
93979
44683
69239
93983
44687
69247
44699
69257
44701
69259
44711
69263
94007
94009
44729
44741
94033
69313
44753
69317
44771
44773
69337
44777
94057
69341
44789
44797
94063
69371
44809
69379
44819
69383
69389
94099
69401
44843
69403
44851
94111
69431
44867
94117
69439
94121
44887
69457
44893
69463
94151
69467
44909
94153
69473
44917
69481
94169
69491
44927
69493
69497
44939
69499
94201
44953
94207
44959
44963
94219
69539
44971
94229
69557
44983
44987
94253
45007
69593
94261
94273
69623
45053
94291
45061
69653
94307
69661
45083
69677
94321
69691
69697
94327
45119
45121
94331
45127
69709
45131
94343
45137
94349
69737
94351
69739
45161
69761
69763
94379
69767
45181
69779
94397
45191
94399
45197
69809
69821
94421
69827
45233
94427
69829
45247
69833
94433
94439
45259
94441
45263
69857
69859
94447
45281
45289
69877
94463
45293
69899
94477
45307
69911
94483
45317
45319
69929
45329
69931
94513
45337
69941
45341
45343
94529
69959
94531
45361
94541
69991
94543
69997
45377
94547
70001
45389
70003
94559
70009
45403
94561
70019
45413
94573
45427
70039
94583
45433
70051
45439
94597
70061
70067
94603
70079
94613
45481
94621
45491
70099
45497
45503
70111
94649
70117
94651
70121
70123
45533
45541
70139
70141
45553
94687
45557
70157
94693
70163
45569
70177
94709
70181
45587
70183
45589
94723
70199
45599
94727
70201
70207
45613
94747
70223
45631
70229
45641
70237
94771
70241
45659
70249
94781
70271
45673
94789
45677
94793
70289
45691
70297
45697
94811
45707
94819
70309
70313
94823
45737
70321
94837
70327
94841
45757
94847
70351
94849
45767
70373
70379
45779
94873
70381
70393
94889
45817
45821
94903
45823
70423
94907
45827
70429
45833
70439
45841
94933
70451
45853
70457
70459
45863
94949
45869
94951
70481
45887
94961
70487
45893
70489
94993
70501
70507
94999
45943
95003
45949
95009
70529
45953
45959
95021
70537
45971
70549
95027
45979
45989
70571
70573
95063
70583
95071
70589
46021
46027
95083
70607
95087
95089
46049
70619
95093
70621
70627
46061
95101
70639
46073
95111
70657
46091
70663
46093
70667
46099
70687
95131
95143
70709
95153
46133
46141
95177
46147
70729
46153
95189
95191
46171
70753
95203
46181
46183
70769
95213
46187
95219
70783
46199
95231
70793
95233
46219
46229
95239
70823
46237
95257
70841
95261
70843
70849
46261
95267
70853
95273
46271
70867
95279
46273
46279
70877
70879
46301
46307
70891
46309
95311
70901
95317
46327
70913
70919
46337
95327
70921
46349
95339
46351
70937
70949
70951
95369
46381
70957
46399
70969
95383
46411
70979
95393
70981
70991
95401
46439
70997
46441
95413
70999
46447
95419
46451
71011
46457
95429
71023
46471
95441
71039
46477
95443
46489
71059
95461
46499
71069
95467
46507
46511
71081
95471
71089
46523
95479
95483
71119
46549
71129
95507
71143
46559
71147
95527
71153
46567
95531
71161
46573
95539
46589
95549
46591
46601
95561
71191
71209
95569
46633
95581
71233
46639
71237
95597
46643
71249
95603
46649
71257
71261
95617
71263
95621
46679
46681
95629
71287
46687
95633
71293
46691
46703
95651
71317
46723
71327
46727
71329
71333
71339
46747
71341
46751
71347
95701
46757
71353
95707
46769
71359
46771
95713
95717
95723
71387
46807
71389
95731
46811
71399
46817
46819
71411
71413
46829
46831
71419
71429
95773
46853
71437
95783
46861
71443
46867
71453
95791
46877
71471
95801
46889
71473
95803
71479
46901
71483
95813
46919
95819
71503
46933
71527
46957
95857
71537
71549
71551
95869
95873
46993
71563
46997
71569
95881
95891
47017
95911
47041
71593
95917
71597
95923
95929
47057
47059
71633
95947
71647
95957
71663
95959
71671
47111
71693
47119
95987
71699
47123
95989
47129
71707
71711
47137
96001
71713
47143
71719
96013
47147
47149
96017
71741
47161
71761
96043
71777
47189
96053
71789
47207
96059
71807
47221
71809
96079
71821
47237
71837
47251
71843
71849
47269
71861
47279
71867
47287
96137
47293
71881
47297
71887
47303
71899
47309
96157
71909
47317
96167
71917
47339
71933
96181
47351
71941
47353
71947
96199
47363
71963
96211
47381
71971
96221
47389
96223
71987
96233
47407
71993
71999
47417
47419
72019
96259
47431
72031
96263
47441
72043
96269
47459
72047
96281
72053
96289
72073
47491
96293
72077
47497
47501
72089
72091
47507
96323
47513
72101
96329
72103
47521
96331
47527
72109
96337
47533
47543
72139
96353
72161
47563
72167
47569
96377
72169
72173
47581
47591
96401
47599
72211
47609
96419
72221
47623
72223
96431
72227
47629
72229
47639
96443
72251
47653
96451
72253
47657
96457
47659
72269
96461
72271
47681
96469
72277
96479
72287
47699
47701
72307
47711
96487
47713
72313
96493
47717
96497
47737
72337
47741
72341
96517
47743
72353
96527
72367
47777
47779
96553
47791
96557
72379
47797
72383
47807
47809
96581
47819
72421
96587
47837
96589
72431
47843
96601
47857
72461
47869
72467
47881
72469
96643
72481
47903
72493
96661
47911
72497
47917
72503
96671
47933
47939
72533
47947
96697
72547
47951
72551
96703
72559
47963
47969
72577
47977
96731
47981
96737
96739
72613
48017
72617
96749
48023
72623
96757
48029
96763
72643
96769
48049
72647
72649
96779
48073
72661
96787
48079
72671
72673
48091
72679
96799
72689
96821
72701
96823
72707
96827
72719
72727
96847
72733
96851
72739
96857
72763
72767
96893
96907
96911
72797
72817
96931
72823
96953
72859
72869
72871
96973
96979
96989
96997
97001
97003
97007
72883
97021
97039
72893
72901
72907
72911
72923
72931
72937
72949
72953
72959
72973
72977
97073
72997
73009
97081
73013
73019
97103
97117
97127
97151
97157
97159
97169
97171
97177
97187
48109
73037
73039
48119
97213
73043
48121
48131
73061
73063
97241
73079
48157
48163
73091
97259
48179
48187
73121
97283
48193
73127
48197
73133
97301
73141
97303
48221
48239
48247
73181
97327
48259
73189
48271
48281
97367
48299
97369
97373
48311
48313
97379
97381
73243
97387
48341
73259
48353
73277
48371
97423
73291
97429
48397
73303
73309
48407
97441
48409
48413
97453
73327
97459
73331
97463
48437
73351
48449
97499
73361
97501
48463
73363
48473
73369
97511
48479
48481
73379
97523
73387
48491
48497
97547
73417
97549
73421
97553
48523
97561
48527
73433
48533
97571
48539
97577
48541
73453
97579
73459
97583
48563
73471
48571
73477
97607
48589
73483
97609
48593
97613
48611
73517
48619
73523
48623
73529
97649
97651
48647
48649
73547
97673
48661
73553
97687
48673
48677
48679
73561
97711
73571
97729
73583
73589
73597
97771
48733
97777
73607
97787
73609
97789
73613
48761
97813
48767
73637
97829
48779
48781
73643
97841
48787
97843
73651
97847
48799
97849
97859
48809
97861
73679
48817
97871
73681
48821
48823
97879
73693
97883
73699
48847
73709
48857
97919
48859
73721
97927
73727
97931
48869
48871
97943
73751
48883
97961
48889
73757
97967
97973
97987
73783
98009
98011
48947
98017
48953
73819
98041
73823
48973
98047
98057
48989
73847
48991
73849
98081
49003
73859
49009
49019
73867
98101
49031
73877
98123
49033
98129
49037
98143
73883
49043
73897
49057
98179
49069
73907
49081
98207
98213
98221
73939
49103
98227
73943
49117
98251
73951
49121
98257
49123
98269
49139
73973
98297
98299
49157
98317
49169
98321
49171
98323
49177
74017
98327
74021
98347
49193
74027
49199
98369
49201
98377
49207
74047
49211
98387
74051
98389
49223
98407
74071
98411
74077
98419
98429
74093
74099
49277
98443
49279
98453
98459
49297
98467
74131
98473
98479
74143
49307
98507
74159
98519
74161
49331
74167
49333
49339
98543
74177
98561
74189
49363
98563
74197
49367
74201
49369
74203
98573
74209
74219
98597
49391
49393
98621
98627
49409
74257
49411
98639
49417
98641
74279
49429
49433
74287
98663
74293
49451
98669
74297
49459
98689
49463
74311
49477
74317
98711
49481
98713
74323
98717
49499
98729
98731
49523
74353
98737
49529
74357
49531
74363
49537
98773
74377
98779
74381
49549
74383
49559
98801
98807
98809
74411
74413
49597
74419
98849
49603
98867
74441
49613
98869
98873
49627
74449
74453
98887
49633
98893
49639
98897
98899
98909
49663
98911
49667
49669
98927
74471
98929
49681
98939
49697
74489
98947
98953
49711
74507
98963
74509
49727
98981
98993
49739
98999
49741
49747
99013
74527
99017
49757
74531
99023
99041
49783
74551
49787
99053
49789
74561
49801
99079
74567
99083
49807
74573
99089
49811
74587
99103
99109
74597
49831
99119
49843
74609
99131
74611
99133
49853
99137
74623
99139
49871
99149
49877
74653
49891
99173
99181
99191
49919
74687
49921
74699
99223
49937
74707
99233
49939
99241
74713
49943
74717
99251
74719
99257
49957
99259
74729
74731
99277
99289
49991
74747
49993
49999
99317
74761
99347
74771
99349
74779
99367
99371
74797
99377
99391
99397
74821
99401
74827
99409
74831
99431
74843
99439
74857
74861
99469
74869
74873
99487
99497
74887
74891
99523
99527
74897
99529
74903
99551
99559
74923
99563
74929
99571
99577
99581
74941
99607
99611
74959
99623
99643
99661
99667
99679
99689
99707
99709
99713
99719
99721
99733
99761
99767
99787
99793
99809
99817
99823
99829
99833
99839
99859
99871
99877
99881
99901
99907
99923
99929
99961
99971
99989
99991
